bin_low [GeV],bin_high [GeV],nuebar_flux / 50 MeV / cm2 / 2.4e20 POT
0.25,0.3,7.58157e+07
0.3,0.35,7.49765e+07
0.35,0.4,7.36191e+07
0.4,0.45,7.24444e+07
0.45,0.5,7.11695e+07
0.5,0.55,6.96585e+07
0.55,0.6,6.65941e+07
0.6,0.65,6.43878e+07
0.65,0.7,6.13137e+07
0.7,0.75,5.85512e+07
0.75,0.8,5.48292e+07
0.8,0.85,5.22113e+07
0.85,0.9,4.8672e+07
0.9,0.95,4.48313e+07
0.95,1,4.18749e+07
1,1.05,3.85357e+07
1.05,1.1,3.63075e+07
1.1,1.15,3.40839e+07
1.15,1.2,3.03911e+07
1.2,1.25,2.7389e+07
1.25,1.3,2.5197e+07
1.3,1.35,2.34182e+07
1.35,1.4,2.11654e+07
1.4,1.45,1.92939e+07
1.45,1.5,1.74721e+07
1.5,1.55,1.63116e+07
1.55,1.6,1.4944e+07
1.6,1.65,1.34971e+07
1.65,1.7,1.26117e+07
1.7,1.75,1.13896e+07
1.75,1.8,1.07714e+07
1.8,1.85,9.69931e+06
1.85,1.9,9.70254e+06
1.9,1.95,8.38486e+06
1.95,2,8.08219e+06
2,2.05,7.09459e+06
2.05,2.1,6.71439e+06
2.1,2.15,6.22986e+06
2.15,2.2,5.80538e+06
2.2,2.25,5.32441e+06
2.25,2.3,5.0309e+06
2.3,2.35,4.57722e+06
2.35,2.4,4.14053e+06
2.4,2.45,4.06575e+06
2.45,2.5,3.7336e+06
2.5,2.55,3.55431e+06
2.55,2.6,3.07992e+06
2.6,2.65,2.85401e+06
2.65,2.7,2.69843e+06
2.7,2.75,2.65182e+06
2.75,2.8,2.37304e+06
2.8,2.85,2.25971e+06
2.85,2.9,2.13021e+06
2.9,2.95,1.77301e+06
2.95,3,1.91096e+06
3,3.05,1.67286e+06
3.05,3.1,1.62647e+06
3.1,3.15,1.41324e+06
3.15,3.2,1.38092e+06
3.2,3.25,1.25841e+06
3.25,3.3,1.19804e+06
3.3,3.35,986990
3.35,3.4,944950
3.4,3.45,881037
3.45,3.5,811607
3.5,3.55,940323
3.55,3.6,728262
3.6,3.65,643762
3.65,3.7,651096
3.7,3.75,510084
3.75,3.8,542133
3.8,3.85,554023
3.85,3.9,538936
3.9,3.95,457384
3.95,4,417659
4,4.05,435038
4.05,4.1,407215
4.1,4.15,292018
4.15,4.2,232412
4.2,4.25,224739
4.25,4.3,140466
4.3,4.35,254816
4.35,4.4,141975
4.4,4.45,158749
4.45,4.5,277825
4.5,4.55,171546
4.55,4.6,104460
4.6,4.65,159481
4.65,4.7,172871
4.7,4.75,137978
4.75,4.8,205649
4.8,4.85,110217
4.85,4.9,145070
4.9,4.95,73000.2
4.95,5,99672.1
5,5.05,145035
5.05,5.1,94345.7
5.1,5.15,118198
5.15,5.2,98987.2
5.2,5.25,101333
5.25,5.3,104954
5.3,5.35,45368.2
5.35,5.4,43447.1
5.4,5.45,74439
5.45,5.5,48880.2
5.5,5.55,77439.2
5.55,5.6,62557.8
5.6,5.65,54560.7
5.65,5.7,7441.94
5.7,5.75,6963.64
5.75,5.8,48972.2
5.8,5.85,16531.9
5.85,5.9,42280.5
5.9,5.95,23244.9
5.95,6,18954.9
6,6.05,19222.6
6.05,6.1,44671.4
6.1,6.15,0
6.15,6.2,43987.5
6.2,6.25,32465.3
6.25,6.3,45761.8
6.3,6.35,0
6.35,6.4,0
6.4,6.45,0
6.45,6.5,0
6.5,6.55,10481.6
6.55,6.6,10658.8
6.6,6.65,0
6.65,6.7,65495.5
6.7,6.75,0
6.75,6.8,0
6.8,6.85,39342.7
6.85,6.9,0
6.9,6.95,0
6.95,7,43672
7,7.05,0
7.05,7.1,18210.9
7.1,7.15,0
7.15,7.2,18966.7
7.2,7.25,0
7.25,7.3,0
7.3,7.35,0
7.35,7.4,0
7.4,7.45,0
7.45,7.5,0
7.5,7.55,15689.1
7.55,7.6,14130.5
7.6,7.65,0
7.65,7.7,45033
7.7,7.75,0
7.75,7.8,0
7.8,7.85,0
7.85,7.9,0
7.9,7.95,0
7.95,8,0
8,8.05,0
8.05,8.1,0
8.1,8.15,0
8.15,8.2,0
8.2,8.25,0
8.25,8.3,0
8.3,8.35,0
8.35,8.4,0
8.4,8.45,0
8.45,8.5,0
8.5,8.55,0
8.55,8.6,0
8.6,8.65,0
8.65,8.7,0
8.7,8.75,0
8.75,8.8,16567.7
8.8,8.85,0
8.85,8.9,0
8.9,8.95,0
8.95,9,0
9,9.05,0
9.05,9.1,0
9.1,9.15,26983.1
9.15,9.2,18813.9
9.2,9.25,0
9.25,9.3,0
9.3,9.35,0
9.35,9.4,0
9.4,9.45,0
9.45,9.5,0
9.5,9.55,0
9.55,9.6,0
9.6,9.65,0
9.65,9.7,0
9.7,9.75,0
9.75,9.8,0
9.8,9.85,0
9.85,9.9,0
9.9,9.95,0
9.95,10,0
10,10.05,0
10.05,10.1,0
10.1,10.15,0
10.15,10.2,0
10.2,10.25,0
10.25,10.3,0
10.3,10.35,0
10.35,10.4,0
10.4,10.45,0
10.45,10.5,0
10.5,10.55,0
10.55,10.6,0
10.6,10.65,0
10.65,10.7,0
10.7,10.75,0
10.75,10.8,0
10.8,10.85,0
10.85,10.9,0
10.9,10.95,0
10.95,11,0
11,11.05,0
11.05,11.1,0
11.1,11.15,0
11.15,11.2,0
11.2,11.25,0
11.25,11.3,0
11.3,11.35,0
11.35,11.4,0
11.4,11.45,0
11.45,11.5,0
11.5,11.55,0
11.55,11.6,0
11.6,11.65,0
11.65,11.7,0
11.7,11.75,0
11.75,11.8,0
11.8,11.85,0
11.85,11.9,0
11.9,11.95,0
11.95,12,0
12,12.05,0
12.05,12.1,0
12.1,12.15,0
12.15,12.2,0
12.2,12.25,0
12.25,12.3,0
12.3,12.35,0
12.35,12.4,0
12.4,12.45,0
12.45,12.5,0
12.5,12.55,0
12.55,12.6,0
12.6,12.65,0
12.65,12.7,0
12.7,12.75,0
12.75,12.8,0
12.8,12.85,0
12.85,12.9,0
12.9,12.95,0
12.95,13,0
13,13.05,0
13.05,13.1,0
13.1,13.15,0
13.15,13.2,0
13.2,13.25,0
13.25,13.3,0
13.3,13.35,0
13.35,13.4,0
13.4,13.45,0
13.45,13.5,0
13.5,13.55,0
13.55,13.6,0
13.6,13.65,0
13.65,13.7,0
13.7,13.75,0
13.75,13.8,0
13.8,13.85,0
13.85,13.9,0
13.9,13.95,0
13.95,14,0
14,14.05,0
14.05,14.1,0
14.1,14.15,0
14.15,14.2,0
14.2,14.25,0
14.25,14.3,0
14.3,14.35,0
14.35,14.4,0
14.4,14.45,0
14.45,14.5,0
14.5,14.55,0
14.55,14.6,0
14.6,14.65,0
14.65,14.7,0
14.7,14.75,0
14.75,14.8,0
14.8,14.85,0
14.85,14.9,0
14.9,14.95,0
14.95,15,0
15,15.05,0
15.05,15.1,0
15.1,15.15,0
15.15,15.2,0
15.2,15.25,0
15.25,15.3,0
15.3,15.35,0
15.35,15.4,0
15.4,15.45,0
15.45,15.5,0
15.5,15.55,0
15.55,15.6,0
15.6,15.65,0
15.65,15.7,0
15.7,15.75,0
15.75,15.8,0
15.8,15.85,0
15.85,15.9,0
15.9,15.95,0
15.95,16,0
16,16.05,0
16.05,16.1,0
16.1,16.15,0
16.15,16.2,0
16.2,16.25,0
16.25,16.3,0
16.3,16.35,0
16.35,16.4,0
16.4,16.45,0
16.45,16.5,0
16.5,16.55,0
16.55,16.6,0
16.6,16.65,0
16.65,16.7,0
16.7,16.75,0
16.75,16.8,0
16.8,16.85,0
16.85,16.9,0
16.9,16.95,0
16.95,17,0
17,17.05,0
17.05,17.1,0
17.1,17.15,0
17.15,17.2,0
17.2,17.25,0
17.25,17.3,0
17.3,17.35,0
17.35,17.4,0
17.4,17.45,0
17.45,17.5,0
17.5,17.55,0
17.55,17.6,0
17.6,17.65,0
17.65,17.7,0
17.7,17.75,0
17.75,17.8,0
17.8,17.85,0
17.85,17.9,0
17.9,17.95,0
17.95,18,0
18,18.05,0
18.05,18.1,0
18.1,18.15,0
18.15,18.2,0
18.2,18.25,0
18.25,18.3,0
18.3,18.35,0
18.35,18.4,0
18.4,18.45,0
18.45,18.5,0
18.5,18.55,0
18.55,18.6,0
18.6,18.65,0
18.65,18.7,0
18.7,18.75,0
18.75,18.8,0
18.8,18.85,0
18.85,18.9,0
18.9,18.95,0
18.95,19,0
19,19.05,0
19.05,19.1,0
19.1,19.15,0
19.15,19.2,0
19.2,19.25,0
19.25,19.3,0
19.3,19.35,0
19.35,19.4,0
19.4,19.45,0
19.45,19.5,0
19.5,19.55,0
19.55,19.6,0
19.6,19.65,0
19.65,19.7,0
19.7,19.75,0
19.75,19.8,0
19.8,19.85,0
19.85,19.9,0
19.9,19.95,0
19.95,20,0
