1.48792759e-01 1.26179311e-01 2.07776096e-01 1.69764347e-01 2.02141044e-01 1.83188407e-01 1.77917817e-01 1.50758520e-01 3.06257375e-01 2.06609916e-01 3.13702580e-01
1.26179311e-01 6.23408109e-01 4.58246585e-01 2.65148977e-01 3.19406818e-01 4.19651938e-01 2.00673566e-01 3.51932639e-01 1.95483812e-01 3.89375339e-01 4.28322370e-01
2.07776096e-01 4.58246585e-01 6.21852293e-01 3.94568457e-01 4.71618842e-01 5.10873936e-01 3.75763024e-01 4.20795255e-01 5.21397735e-01 5.17337302e-01 6.07238894e-01
1.69764347e-01 2.65148977e-01 3.94568457e-01 5.39928371e-01 4.69550803e-01 4.21955672e-01 3.76256653e-01 4.01437488e-01 5.77904228e-01 3.70529382e-01 5.57177855e-01
2.02141044e-01 3.19406818e-01 4.71618842e-01 4.69550803e-01 6.72910700e-01 5.63437435e-01 4.85174592e-01 4.81625456e-01 6.83596315e-01 5.34418496e-01 6.72889639e-01
1.83188407e-01 4.19651938e-01 5.10873936e-01 4.21955672e-01 5.63437435e-01 7.32767052e-01 4.81073600e-01 5.31410711e-01 6.48967112e-01 6.32308178e-01 6.74318612e-01
1.77917817e-01 2.00673566e-01 3.75763024e-01 3.76256653e-01 4.85174592e-01 4.81073600e-01 5.66178787e-01 4.42744593e-01 7.19388501e-01 5.30795425e-01 6.47276693e-01
1.50758520e-01 3.51932639e-01 4.20795255e-01 4.01437488e-01 4.81625456e-01 5.31410711e-01 4.42744593e-01 6.01164443e-01 6.94747285e-01 5.61072810e-01 6.64797924e-01
3.06257375e-01 1.95483812e-01 5.21397735e-01 5.77904228e-01 6.83596315e-01 6.48967112e-01 7.19388501e-01 6.94747285e-01 1.48852536e+00 8.54882527e-01 1.16452113e+00
2.06609916e-01 3.89375339e-01 5.17337302e-01 3.70529382e-01 5.34418496e-01 6.32308178e-01 5.30795425e-01 5.61072810e-01 8.54882527e-01 9.95014413e-01 9.82200193e-01
3.13702580e-01 4.28322370e-01 6.07238894e-01 5.57177855e-01 6.72889639e-01 6.74318612e-01 6.47276693e-01 6.64797924e-01 1.16452113e+00 9.82200193e-01 1.54982664e+00
