4.16246338e+01 2.48618145e+01 1.89232750e+01 -3.88771820e+00 2.75121078e+01 2.93013248e+01 1.79191494e+01 4.83953171e+01 4.60311089e+01 1.00801301e+00 6.95649862e+00 9.94850349e+00 2.87123165e+01 4.81035538e+01 4.89791031e+01 4.40642166e+01 2.96867676e+01
2.48618145e+01 2.87898426e+01 1.43761921e+01 2.47936904e-01 1.94179039e+01 2.27757759e+01 1.44519377e+01 3.62440948e+01 3.52046585e+01 2.50578737e+00 7.37013483e+00 9.65453148e+00 2.35869579e+01 3.66224976e+01 3.78290672e+01 3.61346016e+01 2.49726925e+01
1.89232750e+01 1.43761921e+01 2.19172268e+01 4.46744061e+00 1.79676514e+01 1.93950195e+01 1.59817686e+01 2.88970966e+01 2.86677303e+01 5.93521738e+00 7.82447910e+00 1.25762653e+01 2.18385429e+01 2.94741726e+01 3.28162422e+01 3.28800583e+01 2.47422981e+01
-3.88771820e+00 2.47936904e-01 4.46744061e+00 4.40729256e+01 4.39157391e+00 2.41970253e+00 1.38386631e+01 -1.32604551e+00 2.55770397e+00 1.05887651e+01 8.88803101e+00 1.48948889e+01 6.95103264e+00 -5.87010443e-01 9.68783319e-01 1.02051220e+01 1.23805094e+01
2.75121078e+01 1.94179039e+01 1.79676514e+01 4.39157391e+00 5.36323624e+01 3.13813095e+01 2.05075512e+01 5.23053131e+01 4.66443405e+01 8.79064941e+00 1.13480024e+01 1.57900629e+01 3.55640373e+01 5.17713470e+01 5.68460388e+01 5.29696541e+01 3.70534554e+01
2.93013248e+01 2.27757759e+01 1.93950195e+01 2.41970253e+00 3.13813095e+01 5.18316650e+01 2.08339748e+01 5.32068291e+01 4.41347466e+01 5.15438032e+00 1.14302731e+01 1.34466219e+01 3.57332649e+01 5.48760796e+01 5.49353523e+01 4.83229103e+01 3.01514206e+01
1.79191494e+01 1.44519377e+01 1.59817686e+01 1.38386631e+01 2.05075512e+01 2.08339748e+01 3.78443871e+01 3.17699966e+01 3.01592789e+01 1.27655249e+01 1.46406231e+01 2.22098484e+01 2.83182030e+01 3.21130486e+01 3.51131859e+01 4.13447533e+01 3.46655235e+01
4.83953171e+01 3.62440948e+01 2.88970966e+01 -1.32604551e+00 5.23053131e+01 5.32068291e+01 3.17699966e+01 9.92158661e+01 7.79811249e+01 5.56232262e+00 1.75230732e+01 2.16385498e+01 5.60866737e+01 8.78728104e+01 8.98980560e+01 8.14928284e+01 5.58261299e+01
4.60311089e+01 3.52046585e+01 2.86677303e+01 2.55770397e+00 4.66443405e+01 4.41347466e+01 3.01592789e+01 7.79811249e+01 9.69083099e+01 7.77405167e+00 1.39043112e+01 2.17184620e+01 4.92182388e+01 7.51560516e+01 8.20683441e+01 8.14720688e+01 6.07676735e+01
1.00801301e+00 2.50578737e+00 5.93521738e+00 1.05887651e+01 8.79064941e+00 5.15438032e+00 1.27655249e+01 5.56232262e+00 7.77405167e+00 2.12241669e+01 1.16501865e+01 1.53824873e+01 1.57707653e+01 1.05192156e+01 1.48003540e+01 2.21593895e+01 2.01265678e+01
6.95649862e+00 7.37013483e+00 7.82447910e+00 8.88803101e+00 1.13480024e+01 1.14302731e+01 1.46406231e+01 1.75230732e+01 1.39043112e+01 1.16501865e+01 2.04198990e+01 1.80817051e+01 2.25948868e+01 2.16700630e+01 2.34949074e+01 2.79301167e+01 2.30403423e+01
9.94850349e+00 9.65453148e+00 1.25762653e+01 1.48948889e+01 1.57900629e+01 1.34466219e+01 2.22098484e+01 2.16385498e+01 2.17184620e+01 1.53824873e+01 1.80817051e+01 3.24600716e+01 3.01031971e+01 2.67426624e+01 3.08424568e+01 3.87902527e+01 3.43504982e+01
2.87123165e+01 2.35869579e+01 2.18385429e+01 6.95103264e+00 3.55640373e+01 3.57332649e+01 2.83182030e+01 5.60866737e+01 4.92182388e+01 1.57707653e+01 2.25948868e+01 3.01031971e+01 6.20686989e+01 6.62091599e+01 6.86999664e+01 7.11304474e+01 5.46973839e+01
4.81035538e+01 3.66224976e+01 2.94741726e+01 -5.87010443e-01 5.17713470e+01 5.48760796e+01 3.21130486e+01 8.78728104e+01 7.51560516e+01 1.05192156e+01 2.16700630e+01 2.67426624e+01 6.62091599e+01 1.05357628e+02 9.90284271e+01 8.94246063e+01 6.32895660e+01
4.89791031e+01 3.78290672e+01 3.28162422e+01 9.68783319e-01 5.68460388e+01 5.49353523e+01 3.51131859e+01 8.98980560e+01 8.20683441e+01 1.48003540e+01 2.34949074e+01 3.08424568e+01 6.86999664e+01 9.90284271e+01 1.16471970e+02 1.06112358e+02 7.57814026e+01
4.40642166e+01 3.61346016e+01 3.28800583e+01 1.02051220e+01 5.29696541e+01 4.83229103e+01 4.13447533e+01 8.14928284e+01 8.14720688e+01 2.21593895e+01 2.79301167e+01 3.87902527e+01 7.11304474e+01 8.94246063e+01 1.06112358e+02 1.26878143e+02 9.17398605e+01
2.96867676e+01 2.49726925e+01 2.47422981e+01 1.23805094e+01 3.70534554e+01 3.01514206e+01 3.46655235e+01 5.58261299e+01 6.07676735e+01 2.01265678e+01 2.30403423e+01 3.43504982e+01 5.46973839e+01 6.32895660e+01 7.57814026e+01 9.17398605e+01 9.03520355e+01
