*******************************************************************************************
 Differential cross section for angular bin  [0,0.84]
 The 5  bins are defined as:
 Momentum bins: 0: 0-400 MeV, 1: 400-500 MeV, 2: 500-700 MeV, 3: 700-900 MeV, 4: > 900 MeV 
 The result is given in cm^2/nucleon/MeV x 10^{-42} 
*******************************************************************************************
0 	1 	2 	3 	4 	
3.98 	 7.73 	 4.29 	 1.40 	 0.01 	 
*******************************************************************************************
 Differential cross section for angular bin  [0.84,0.9]
 The 5  bins are defined as:
 Momentum bins: 0: 0-400 MeV, 1: 400-500 MeV, 2: 500-700 MeV, 3: 700-900 MeV, 4: > 900 MeV 
 The result is given in cm^2/nucleon/MeV x 10^{-42} 
*******************************************************************************************
0 	1 	2 	3 	4 	
3.11 	 10.50 	 11.96 	 6.69 	 0.13 	 
*******************************************************************************************
 Differential cross section for angular bin  [0.9,0.94]
 The 5  bins are defined as:
 Momentum bins: 0: 0-400 MeV, 1: 400-500 MeV, 2: 500-700 MeV, 3: 700-900 MeV, 4: > 900 MeV 
 The result is given in cm^2/nucleon/MeV x 10^{-42} 
*******************************************************************************************
0 	1 	2 	3 	4 	
2.77 	 9.29 	 10.43 	 7.03 	 0.23 	 
*******************************************************************************************
 Differential cross section for angular bin  [0.94,1]
 The 5  bins are defined as:
 Momentum bins: 0: 0-400 MeV, 1: 400-500 MeV, 2: 500-700 MeV, 3: 700-900 MeV, 4: > 900 MeV 
 The result is given in cm^2/nucleon/MeV x 10^{-42} 
********************************************************************************************
0 	1 	2 	3 	4 	
2.68 	 5.67 	 8.28 	 7.19 	 0.75 	 
********************************************************************************************
 Fractional covariance matrix on the differential cross section result of all systematic uncertainty, the bins are defined as in the paper:
 Momentum bins: 0-5: 0-400 MeV, 5-10: 400-500 MeV, 10-15: 500-700 MeV, 15-20: 700-900 MeV, 20-25 > 900 MeV 
 Angle bins: 0-5: [-1,0], [0,0.84], [0.84,0.9], [0.9,0.94], [0.94,1]
************************************************************************************************************************************
	 0 	 1 	 2 	 3 	 4 	 5 	 6 	 7 	 8 	 9 	 10 	 11 	 12 	 13 	 14 	 15 	 16 	 17 	 18 	 19 	 20 	 21 	 22 	 23 	 24 	 
24 	  0.01145528 	 0.01424306 	 0.01447092 	 0.01596738 	 0.01620449 	 0.00794128 	 0.01191824 	 0.01263984 	 0.01313351 	 0.01448851 	 0.01269957 	 0.01189079 	 0.01185367 	 0.01289186 	 0.01150519 	 0.00811541 	 0.01255527 	 0.01248746 	 0.01301647 	 0.00934832 	 0.00000000 	 0.01325057 	 0.01266057 	 0.01242183 	 0.01259515 	
23 	  0.01031632 	 0.01437850 	 0.01542452 	 0.01618341 	 0.01583929 	 0.01301102 	 0.01275165 	 0.01313684 	 0.01276541 	 0.01490970 	 0.01447678 	 0.01249030 	 0.01210102 	 0.01205508 	 0.01354127 	 0.01269425 	 0.01311593 	 0.01173609 	 0.01110317 	 0.01274702 	 0.00000000 	 0.01425539 	 0.01319706 	 0.01301957 	 0.01242183 	
22 	  0.00983072 	 0.01453377 	 0.01553701 	 0.01630187 	 0.01567444 	 0.01359481 	 0.01303991 	 0.01339452 	 0.01296411 	 0.01512592 	 0.01509679 	 0.01273223 	 0.01227177 	 0.01212710 	 0.01387938 	 0.01500296 	 0.01340733 	 0.01169438 	 0.01088851 	 0.01303853 	 0.00000000 	 0.01479352 	 0.01361849 	 0.01319706 	 0.01266057 	
21 	  0.00756581 	 0.01434279 	 0.01594845 	 0.01593503 	 0.01424988 	 0.01745186 	 0.01344252 	 0.01413695 	 0.01283847 	 0.01558522 	 0.02370290 	 0.01331723 	 0.01216450 	 0.01176201 	 0.01445177 	 0.03549397 	 0.01456746 	 0.01073424 	 0.00947370 	 0.01355069 	 0.00000000 	 0.01754623 	 0.01479352 	 0.01425539 	 0.01325057 	
20 	  0.00000000 	 0.00000000 	 0.00000000 	 0.00000000 	 0.00000000 	 0.00000000 	 0.00000000 	 0.00000000 	 0.00000000 	 0.00000000 	 0.00000000 	 0.00000000 	 0.00000000 	 0.00000000 	 0.00000000 	 0.00000000 	 0.00000000 	 0.00000000 	 0.00000000 	 0.00000000 	 0.00004498 	 0.00000000 	 0.00000000 	 0.00000000 	 0.00000000 	
19 	  0.00039482 	 0.01496681 	 0.02117496 	 0.01914007 	 0.01337923 	 0.03771066 	 0.01826156 	 0.01572512 	 0.01074268 	 0.01902233 	 -0.01506237 	 0.01498447 	 0.01488206 	 0.00534747 	 0.03218728 	 -0.04555849 	 0.01231528 	 0.00719719 	 -0.00326257 	 0.04319674 	 0.00000000 	 0.01355069 	 0.01303853 	 0.01274702 	 0.00934832 	
18 	  0.02321836 	 0.01594481 	 0.01325413 	 0.01737452 	 0.02248816 	 -0.00714249 	 0.00939245 	 0.01120630 	 0.01558684 	 0.01402648 	 0.01406017 	 0.01074002 	 0.01184265 	 0.01778169 	 0.00345152 	 0.00445900 	 0.01183064 	 0.01765387 	 0.02405516 	 -0.00326257 	 0.00000000 	 0.00947370 	 0.01088851 	 0.01110317 	 0.01301647 	
17 	  0.01810192 	 0.01595121 	 0.01507680 	 0.01798142 	 0.02044113 	 0.00408210 	 0.01180387 	 0.01230904 	 0.01440779 	 0.01519459 	 0.00820001 	 0.01202669 	 0.01267113 	 0.01501473 	 0.01008107 	 -0.00689551 	 0.01224468 	 0.01551273 	 0.01765387 	 0.00719719 	 0.00000000 	 0.01073424 	 0.01169438 	 0.01173609 	 0.01248746 	
16 	  0.01313826 	 0.01468709 	 0.01543906 	 0.01608610 	 0.01613956 	 0.01885827 	 0.01334265 	 0.01290053 	 0.01291676 	 0.01491782 	 0.02282818 	 0.01326120 	 0.01211946 	 0.01234641 	 0.01319444 	 0.03553304 	 0.01414305 	 0.01224468 	 0.01183064 	 0.01231528 	 0.00000000 	 0.01456746 	 0.01340733 	 0.01311593 	 0.01255527 	
15 	  0.10953573 	 -0.01272046 	 -0.03795921 	 -0.04268879 	 -0.04030053 	 0.35689128 	 0.02572647 	 -0.01980461 	 -0.00647312 	 -0.01016954 	 0.58993160 	 0.03248561 	 -0.01090398 	 0.00036999 	 -0.02818367 	 2.21964853 	 0.03553304 	 -0.00689551 	 0.00445900 	 -0.04555849 	 0.00000000 	 0.03549397 	 0.01500296 	 0.01269425 	 0.00811541 	
14 	  0.00572055 	 0.01629576 	 0.02030884 	 0.02015346 	 0.01631025 	 0.02768960 	 0.01727251 	 0.01592239 	 0.01351318 	 0.02003497 	 -0.00541507 	 0.01491747 	 0.01500254 	 0.00936159 	 0.02682273 	 -0.02818367 	 0.01319444 	 0.01008107 	 0.00345152 	 0.03218728 	 0.00000000 	 0.01445177 	 0.01387938 	 0.01354127 	 0.01150519 	
13 	  0.01684340 	 0.01569188 	 0.01460221 	 0.01733137 	 0.01965027 	 0.00168859 	 0.01144581 	 0.01253892 	 0.01507850 	 0.01542415 	 0.01081782 	 0.01176914 	 0.01249429 	 0.01554688 	 0.00936159 	 0.00036999 	 0.01234641 	 0.01501473 	 0.01778169 	 0.00534747 	 0.00000000 	 0.01176201 	 0.01212710 	 0.01205508 	 0.01289186 	
12 	  0.01247328 	 0.01528824 	 0.01562680 	 0.01720705 	 0.01749506 	 0.01199766 	 0.01334620 	 0.01295050 	 0.01337905 	 0.01571410 	 0.00441513 	 0.01259017 	 0.01307916 	 0.01249429 	 0.01500254 	 -0.01090398 	 0.01211946 	 0.01267113 	 0.01184265 	 0.01488206 	 0.00000000 	 0.01216450 	 0.01227177 	 0.01210102 	 0.01185367 	
11 	  0.01507197 	 0.01457130 	 0.01390160 	 0.01522429 	 0.01523604 	 0.02600630 	 0.01474779 	 0.01205178 	 0.01242415 	 0.01522973 	 0.02104031 	 0.01400146 	 0.01259017 	 0.01176914 	 0.01491747 	 0.03248561 	 0.01326120 	 0.01202669 	 0.01074002 	 0.01498447 	 0.00000000 	 0.01331723 	 0.01273223 	 0.01249030 	 0.01189079 	
10 	  0.05355389 	 0.00703930 	 -0.00483318 	 -0.00338729 	 0.00067863 	 0.13772861 	 0.01890951 	 0.00067005 	 0.00580740 	 0.00682445 	 0.22923369 	 0.02104031 	 0.00441513 	 0.01081782 	 -0.00541507 	 0.58993160 	 0.02282818 	 0.00820001 	 0.01406017 	 -0.01506237 	 0.00000000 	 0.02370290 	 0.01509679 	 0.01447678 	 0.01269957 	
9 	  0.01466246 	 0.01922073 	 0.02101439 	 0.02396486 	 0.02241552 	 0.01474583 	 0.01604021 	 0.01721681 	 0.01759791 	 0.02302628 	 0.00682445 	 0.01522973 	 0.01571410 	 0.01542415 	 0.02003497 	 -0.01016954 	 0.01491782 	 0.01519459 	 0.01402648 	 0.01902233 	 0.00000000 	 0.01558522 	 0.01512592 	 0.01490970 	 0.01448851 	
8 	  0.01430349 	 0.01657004 	 0.01725494 	 0.01916757 	 0.02011502 	 0.00281568 	 0.01246454 	 0.01426439 	 0.01675859 	 0.01759791 	 0.00580740 	 0.01242415 	 0.01337905 	 0.01507850 	 0.01351318 	 -0.00647312 	 0.01291676 	 0.01440779 	 0.01558684 	 0.01074268 	 0.00000000 	 0.01283847 	 0.01296411 	 0.01276541 	 0.01313351 	
7 	  0.00767873 	 0.01587845 	 0.01922089 	 0.02002462 	 0.01839318 	 0.00369055 	 0.01218996 	 0.01558780 	 0.01426439 	 0.01721681 	 0.00067005 	 0.01205178 	 0.01295050 	 0.01253892 	 0.01592239 	 -0.01980461 	 0.01290053 	 0.01230904 	 0.01120630 	 0.01572512 	 0.00000000 	 0.01413695 	 0.01339452 	 0.01313684 	 0.01263984 	
6 	  0.01525615 	 0.01511663 	 0.01395231 	 0.01543841 	 0.01517268 	 0.03139916 	 0.01643570 	 0.01218996 	 0.01246454 	 0.01604021 	 0.01890951 	 0.01474779 	 0.01334620 	 0.01144581 	 0.01727251 	 0.02572647 	 0.01334265 	 0.01180387 	 0.00939245 	 0.01826156 	 0.00000000 	 0.01344252 	 0.01303991 	 0.01275165 	 0.01191824 	
5 	  0.04069451 	 0.01020296 	 0.00089438 	 0.00171282 	 -0.00158421 	 0.17115393 	 0.03139916 	 0.00369055 	 0.00281568 	 0.01474583 	 0.13772861 	 0.02600630 	 0.01199766 	 0.00168859 	 0.02768960 	 0.35689128 	 0.01885827 	 0.00408210 	 -0.00714249 	 0.03771066 	 0.00000000 	 0.01745186 	 0.01359481 	 0.01301102 	 0.00794128 	
4 	  0.02454630 	 0.02641562 	 0.02982559 	 0.03413345 	 0.03981940 	 -0.00158421 	 0.01517268 	 0.01839318 	 0.02011502 	 0.02241552 	 0.00067863 	 0.01523604 	 0.01749506 	 0.01965027 	 0.01631025 	 -0.04030053 	 0.01613956 	 0.02044113 	 0.02248816 	 0.01337923 	 0.00000000 	 0.01424988 	 0.01567444 	 0.01583929 	 0.01620449 	
3 	  0.01660036 	 0.02463685 	 0.03003347 	 0.03520045 	 0.03413345 	 0.00171282 	 0.01543841 	 0.02002462 	 0.01916757 	 0.02396486 	 -0.00338729 	 0.01522429 	 0.01720705 	 0.01733137 	 0.02015346 	 -0.04268879 	 0.01608610 	 0.01798142 	 0.01737452 	 0.01914007 	 0.00000000 	 0.01593503 	 0.01630187 	 0.01618341 	 0.01596738 	
2 	  0.01069742 	 0.02200913 	 0.02981683 	 0.03003347 	 0.02982559 	 0.00089438 	 0.01395231 	 0.01922089 	 0.01725494 	 0.02101439 	 -0.00483318 	 0.01390160 	 0.01562680 	 0.01460221 	 0.02030884 	 -0.03795921 	 0.01543906 	 0.01507680 	 0.01325413 	 0.02117496 	 0.00000000 	 0.01594845 	 0.01553701 	 0.01542452 	 0.01447092 	
1 	  0.01795613 	 0.02095136 	 0.02200913 	 0.02463685 	 0.02641562 	 0.01020296 	 0.01511663 	 0.01587845 	 0.01657004 	 0.01922073 	 0.00703930 	 0.01457130 	 0.01528824 	 0.01569188 	 0.01629576 	 -0.01272046 	 0.01468709 	 0.01595121 	 0.01594481 	 0.01496681 	 0.00000000 	 0.01434279 	 0.01453377 	 0.01437850 	 0.01424306 	
0 	  0.04589705 	 0.01795613 	 0.01069742 	 0.01660036 	 0.02454630 	 0.04069451 	 0.01525615 	 0.00767873 	 0.01430349 	 0.01466246 	 0.05355389 	 0.01507197 	 0.01247328 	 0.01684340 	 0.00572055 	 0.10953573 	 0.01313826 	 0.01810192 	 0.02321836 	 0.00039482 	 0.00000000 	 0.00756581 	 0.00983072 	 0.01031632 	 0.01145528 	
************************************************************************************************************************************
 Fractional covariance matrix on the differential cross section result of the statistical uncertainty, the bins are defined as in the paper:
 Momentum bins: 0-5: 0-400 MeV, 5-10: 400-500 MeV, 10-15: 500-700 MeV, 15-20: 700-900 MeV, 20-25 > 900 MeV 
 Angle bins: 0-5: [-1,0], [0,0.84], [0.84,0.9], [0.9,0.94], [0.94,1] 
************************************************************************************************************************************
	 0 	 1 	 2 	 3 	 4 	 5 	 6 	 7 	 8 	 9 	 10 	 11 	 12 	 13 	 14 	 15 	 16 	 17 	 18 	 19 	 20 	 21 	 22 	 23 	 24 	 
24 	  0.00024223 	 0.00001951 	 0.00001984 	 0.00003496 	 0.00005776 	 0.00024478 	 0.00001246 	 0.00001050 	 0.00002220 	 0.00006071 	 0.00024456 	 0.00001535 	 0.00001481 	 0.00002334 	 0.00009883 	 0.00057906 	 0.00003309 	 0.00002137 	 0.00006108 	 0.00032161 	 0.00000000 	 0.00007258 	 0.00004953 	 0.00014991 	 0.00091265 	
23 	  0.00047351 	 0.00001993 	 0.00003376 	 0.00007414 	 0.00005675 	 0.00033239 	 0.00001014 	 0.00002413 	 0.00008474 	 0.00004753 	 0.00003425 	 0.00001960 	 0.00005699 	 0.00030226 	 0.00005903 	 0.00004329 	 0.00004300 	 0.00019744 	 0.00107558 	 0.00011788 	 0.00000000 	 0.00013942 	 0.00050017 	 0.00343931 	 0.00014991 	
22 	  0.00027952 	 0.00002326 	 0.00008328 	 0.00008316 	 0.00009651 	 0.00021206 	 0.00001528 	 0.00010272 	 0.00002745 	 0.00003503 	 0.00009959 	 0.00003868 	 0.00027973 	 0.00006621 	 0.00004709 	 0.00002090 	 0.00011166 	 0.00126681 	 0.00021258 	 0.00002765 	 0.00000000 	 0.00038777 	 0.00428964 	 0.00050017 	 0.00004953 	
21 	  0.00029398 	 0.00006554 	 0.00005571 	 0.00007658 	 0.00010173 	 0.00004641 	 0.00008566 	 0.00002804 	 0.00002312 	 0.00004243 	 0.00003396 	 0.00025377 	 0.00005410 	 0.00004568 	 0.00002414 	 0.00003994 	 0.00103775 	 0.00019785 	 0.00008485 	 0.00006759 	 0.00000000 	 0.00342994 	 0.00038777 	 0.00013942 	 0.00007258 	
20 	  0.00000000 	 0.00000000 	 0.00000000 	 0.00000000 	 0.00000000 	 0.00000000 	 0.00000000 	 0.00000000 	 0.00000000 	 0.00000000 	 0.00000000 	 0.00000000 	 0.00000000 	 0.00000000 	 0.00000000 	 0.00000000 	 0.00000000 	 0.00000000 	 0.00000000 	 0.00000000 	 0.00000000 	 0.00000000 	 0.00000000 	 0.00000000 	 0.00000000 	
19 	  0.00042902 	 0.00001975 	 0.00001662 	 0.00002153 	 0.00010166 	 0.00152702 	 0.00001202 	 0.00000294 	 0.00006638 	 0.00049371 	 0.00133614 	 0.00003031 	 0.00002625 	 0.00029059 	 0.00215884 	 0.00431135 	 0.00010363 	 0.00005582 	 0.00098817 	 0.00565731 	 0.00000000 	 0.00006759 	 0.00002765 	 0.00011788 	 0.00032161 	
18 	  0.00059228 	 0.00001767 	 0.00008701 	 0.00018836 	 0.00004330 	 0.00016665 	 0.00001164 	 0.00008770 	 0.00047455 	 0.00010588 	 0.00022021 	 0.00001043 	 0.00041852 	 0.00265280 	 0.00034122 	 0.00024926 	 0.00006719 	 0.00133375 	 0.00924759 	 0.00098817 	 0.00000000 	 0.00008485 	 0.00021258 	 0.00107558 	 0.00006108 	
17 	  0.00034551 	 0.00002807 	 0.00023151 	 0.00011116 	 0.00002234 	 0.00016083 	 0.00002909 	 0.00031576 	 0.00007427 	 0.00000770 	 0.00107019 	 0.00011810 	 0.00199015 	 0.00037828 	 0.00002270 	 0.00001600 	 0.00044999 	 0.00677478 	 0.00133375 	 0.00005582 	 0.00000000 	 0.00019785 	 0.00126681 	 0.00019744 	 0.00002137 	
16 	  0.00013431 	 0.00006671 	 0.00005120 	 0.00004787 	 0.00003863 	 0.00004649 	 0.00015615 	 0.00006496 	 0.00003340 	 0.00007697 	 0.00011245 	 0.00070230 	 0.00014113 	 0.00005077 	 0.00005566 	 0.00004106 	 0.00294934 	 0.00044999 	 0.00006719 	 0.00010363 	 0.00000000 	 0.00103775 	 0.00011166 	 0.00004300 	 0.00003309 	
15 	  0.00031199 	 0.00001506 	 0.00001012 	 0.00000187 	 0.00003382 	 0.00117413 	 0.00000907 	 0.00000145 	 0.00001225 	 0.00004847 	 0.00076938 	 0.00001574 	 0.00000602 	 0.00002441 	 0.00076990 	 0.00355077 	 0.00004106 	 0.00001600 	 0.00024926 	 0.00431135 	 0.00000000 	 0.00003994 	 0.00002090 	 0.00004329 	 0.00057906 	
14 	  0.00066661 	 0.00003222 	 0.00003020 	 0.00017641 	 0.00043498 	 0.00097370 	 0.00001395 	 0.00001998 	 0.00040981 	 0.00331542 	 0.00308830 	 0.00003227 	 0.00007982 	 0.00113090 	 0.00778002 	 0.00076990 	 0.00005566 	 0.00002270 	 0.00034122 	 0.00215884 	 0.00000000 	 0.00002414 	 0.00004709 	 0.00005903 	 0.00009883 	
13 	  0.00036030 	 0.00001817 	 0.00013338 	 0.00051964 	 0.00012378 	 0.00024612 	 0.00002194 	 0.00040962 	 0.00275048 	 0.00068153 	 0.00017109 	 0.00004848 	 0.00104312 	 0.00742194 	 0.00113090 	 0.00002441 	 0.00005077 	 0.00037828 	 0.00265280 	 0.00029059 	 0.00000000 	 0.00004568 	 0.00006621 	 0.00030226 	 0.00002334 	
12 	  0.00024669 	 0.00003014 	 0.00030620 	 0.00016121 	 0.00004687 	 0.00053622 	 0.00008490 	 0.00141549 	 0.00049512 	 0.00006386 	 0.00022555 	 0.00024330 	 0.00437576 	 0.00104312 	 0.00007982 	 0.00000602 	 0.00014113 	 0.00199015 	 0.00041852 	 0.00002625 	 0.00000000 	 0.00005410 	 0.00027973 	 0.00005699 	 0.00001481 	
11 	  0.00022543 	 0.00012834 	 0.00005387 	 0.00004171 	 0.00003534 	 0.00009869 	 0.00054343 	 0.00011225 	 0.00003901 	 0.00002639 	 0.00041030 	 0.00158509 	 0.00024330 	 0.00004848 	 0.00003227 	 0.00001574 	 0.00070230 	 0.00011810 	 0.00001043 	 0.00003031 	 0.00000000 	 0.00025377 	 0.00003868 	 0.00001960 	 0.00001535 	
10 	  0.00049142 	 0.00005627 	 0.00001915 	 0.00004036 	 0.00024292 	 0.00051746 	 0.00035533 	 0.00007060 	 0.00011790 	 0.00329438 	 0.00182660 	 0.00041030 	 0.00022555 	 0.00017109 	 0.00308830 	 0.00076938 	 0.00011245 	 0.00107019 	 0.00022021 	 0.00133614 	 0.00000000 	 0.00003396 	 0.00009959 	 0.00003425 	 0.00024456 	
9 	  0.00135438 	 0.00008446 	 0.00030820 	 0.00142570 	 0.00466306 	 0.00070863 	 0.00004803 	 0.00020579 	 0.00303869 	 0.02290274 	 0.00329438 	 0.00002639 	 0.00006386 	 0.00068153 	 0.00331542 	 0.00004847 	 0.00007697 	 0.00000770 	 0.00010588 	 0.00049371 	 0.00000000 	 0.00004243 	 0.00003503 	 0.00004753 	 0.00006071 	
8 	  0.00044267 	 0.00005953 	 0.00074097 	 0.00377567 	 0.00063926 	 0.00090481 	 0.00007953 	 0.00195000 	 0.01096584 	 0.00303869 	 0.00011790 	 0.00003901 	 0.00049512 	 0.00275048 	 0.00040981 	 0.00001225 	 0.00003340 	 0.00007427 	 0.00047455 	 0.00006638 	 0.00000000 	 0.00002312 	 0.00002745 	 0.00008474 	 0.00002220 	
7 	  0.00019487 	 0.00015232 	 0.00202834 	 0.00080634 	 0.00010523 	 0.00019980 	 0.00042176 	 0.00740678 	 0.00195000 	 0.00020579 	 0.00007060 	 0.00011225 	 0.00141549 	 0.00040962 	 0.00001998 	 0.00000145 	 0.00006496 	 0.00031576 	 0.00008770 	 0.00000294 	 0.00000000 	 0.00002804 	 0.00010272 	 0.00002413 	 0.00001050 	
6 	  0.00027872 	 0.00055781 	 0.00018961 	 0.00010419 	 0.00006104 	 0.00008863 	 0.00189375 	 0.00042176 	 0.00007953 	 0.00004803 	 0.00035533 	 0.00054343 	 0.00008490 	 0.00002194 	 0.00001395 	 0.00000907 	 0.00015615 	 0.00002909 	 0.00001164 	 0.00001202 	 0.00000000 	 0.00008566 	 0.00001528 	 0.00001014 	 0.00001246 	
5 	  0.00048675 	 0.00048353 	 0.00092996 	 0.00164723 	 0.00219619 	 0.00103907 	 0.00008863 	 0.00019980 	 0.00090481 	 0.00070863 	 0.00051746 	 0.00009869 	 0.00053622 	 0.00024612 	 0.00097370 	 0.00117413 	 0.00004649 	 0.00016083 	 0.00016665 	 0.00152702 	 0.00000000 	 0.00004641 	 0.00021206 	 0.00033239 	 0.00024478 	
4 	  0.00120626 	 0.00024085 	 0.00113512 	 0.00532952 	 0.01527918 	 0.00219619 	 0.00006104 	 0.00010523 	 0.00063926 	 0.00466306 	 0.00024292 	 0.00003534 	 0.00004687 	 0.00012378 	 0.00043498 	 0.00003382 	 0.00003863 	 0.00002234 	 0.00004330 	 0.00010166 	 0.00000000 	 0.00010173 	 0.00009651 	 0.00005675 	 0.00005776 	
3 	  0.00035495 	 0.00046657 	 0.00432533 	 0.01856060 	 0.00532952 	 0.00164723 	 0.00010419 	 0.00080634 	 0.00377567 	 0.00142570 	 0.00004036 	 0.00004171 	 0.00016121 	 0.00051964 	 0.00017641 	 0.00000187 	 0.00004787 	 0.00011116 	 0.00018836 	 0.00002153 	 0.00000000 	 0.00007658 	 0.00008316 	 0.00007414 	 0.00003496 	
2 	  0.00046606 	 0.00093410 	 0.00975508 	 0.00432533 	 0.00113512 	 0.00092996 	 0.00018961 	 0.00202834 	 0.00074097 	 0.00030820 	 0.00001915 	 0.00005387 	 0.00030620 	 0.00013338 	 0.00003020 	 0.00001012 	 0.00005120 	 0.00023151 	 0.00008701 	 0.00001662 	 0.00000000 	 0.00005571 	 0.00008328 	 0.00003376 	 0.00001984 	
1 	  0.00048977 	 0.00244663 	 0.00093410 	 0.00046657 	 0.00024085 	 0.00048353 	 0.00055781 	 0.00015232 	 0.00005953 	 0.00008446 	 0.00005627 	 0.00012834 	 0.00003014 	 0.00001817 	 0.00003222 	 0.00001506 	 0.00006671 	 0.00002807 	 0.00001767 	 0.00001975 	 0.00000000 	 0.00006554 	 0.00002326 	 0.00001993 	 0.00001951 	
0 	  0.00046521 	 0.00048977 	 0.00046606 	 0.00035495 	 0.00120626 	 0.00048675 	 0.00027872 	 0.00019487 	 0.00044267 	 0.00135438 	 0.00049142 	 0.00022543 	 0.00024669 	 0.00036030 	 0.00066661 	 0.00031199 	 0.00013431 	 0.00034551 	 0.00059228 	 0.00042902 	 0.00000000 	 0.00029398 	 0.00027952 	 0.00047351 	 0.00024223 	
************************************************************************************************************************************
 Fractional covariance matrix on the differential cross section result of the flux contribution only, the bins are defined as in the paper:
 Momentum bins: 0-5: 0-400 MeV, 5-10: 400-500 MeV, 10-15: 500-700 MeV, 15-20: 700-900 MeV, 20-25 > 900 MeV 
 Angle bins: 0-5: [-1,0], [0,0.84], [0.84,0.9], [0.9,0.94], [0.94,1] 
************************************************************************************************************************************
	 0 	 1 	 2 	 3 	 4 	 5 	 6 	 7 	 8 	 9 	 10 	 11 	 12 	 13 	 14 	 15 	 16 	 17 	 18 	 19 	 20 	 21 	 22 	 23 	 24 	 
24 	  0.01129391 	 0.01376757 	 0.01411189 	 0.01495573 	 0.01495145 	 0.01239272 	 0.01238922 	 0.01232107 	 0.01254292 	 0.01387373 	 0.01357921 	 0.01208835 	 0.01177982 	 0.01195218 	 0.01248418 	 0.01376966 	 0.01236344 	 0.01173639 	 0.01146967 	 0.01150105 	 0.00000000 	 0.01296777 	 0.01238733 	 0.01214903 	 0.01195073 	
23 	  0.01165127 	 0.01408877 	 0.01444595 	 0.01533565 	 0.01532707 	 0.01271892 	 0.01264112 	 0.01258344 	 0.01283122 	 0.01422930 	 0.01384086 	 0.01232198 	 0.01202003 	 0.01219748 	 0.01277687 	 0.01392481 	 0.01261427 	 0.01198119 	 0.01171387 	 0.01178724 	 0.00000000 	 0.01319938 	 0.01261921 	 0.01237989 	 0.01214903 	
22 	  0.01184484 	 0.01434435 	 0.01470160 	 0.01560063 	 0.01559506 	 0.01291189 	 0.01287471 	 0.01282052 	 0.01307181 	 0.01448009 	 0.01411751 	 0.01254506 	 0.01223936 	 0.01242086 	 0.01300283 	 0.01424128 	 0.01284856 	 0.01218633 	 0.01191040 	 0.01197100 	 0.00000000 	 0.01346521 	 0.01286566 	 0.01261921 	 0.01238733 	
21 	  0.01224156 	 0.01493264 	 0.01528541 	 0.01619476 	 0.01619742 	 0.01332126 	 0.01342561 	 0.01337988 	 0.01363199 	 0.01504002 	 0.01481033 	 0.01307187 	 0.01275331 	 0.01294304 	 0.01351525 	 0.01511091 	 0.01340707 	 0.01265405 	 0.01235248 	 0.01236327 	 0.00000000 	 0.01412222 	 0.01346521 	 0.01319938 	 0.01296777 	
20 	  0.00000000 	 0.00000000 	 0.00000000 	 0.00000000 	 0.00000000 	 0.00000000 	 0.00000000 	 0.00000000 	 0.00000000 	 0.00000000 	 0.00000000 	 0.00000000 	 0.00000000 	 0.00000000 	 0.00000000 	 0.00000000 	 0.00000000 	 0.00000000 	 0.00000000 	 0.00000000 	 0.00000000 	 0.00000000 	 0.00000000 	 0.00000000 	 0.00000000 	
19 	  0.01188047 	 0.01379892 	 0.01425806 	 0.01527595 	 0.01521688 	 0.01312558 	 0.01225712 	 0.01213916 	 0.01243148 	 0.01411596 	 0.01295181 	 0.01200760 	 0.01170895 	 0.01187539 	 0.01262539 	 0.01212015 	 0.01218412 	 0.01191307 	 0.01173076 	 0.01209021 	 0.00000000 	 0.01236327 	 0.01197100 	 0.01178724 	 0.01150105 	
18 	  0.01140970 	 0.01354018 	 0.01396544 	 0.01489849 	 0.01485327 	 0.01271753 	 0.01210401 	 0.01198081 	 0.01222535 	 0.01376086 	 0.01296178 	 0.01186618 	 0.01154677 	 0.01170769 	 0.01235832 	 0.01243796 	 0.01205963 	 0.01169500 	 0.01148918 	 0.01173076 	 0.00000000 	 0.01235248 	 0.01191040 	 0.01171387 	 0.01146967 	
17 	  0.01156489 	 0.01380309 	 0.01422724 	 0.01516036 	 0.01511847 	 0.01292000 	 0.01235485 	 0.01223054 	 0.01247082 	 0.01400275 	 0.01330919 	 0.01211213 	 0.01177774 	 0.01194204 	 0.01258493 	 0.01280658 	 0.01232980 	 0.01191582 	 0.01169500 	 0.01191307 	 0.00000000 	 0.01265405 	 0.01218633 	 0.01198119 	 0.01173639 	
16 	  0.01187076 	 0.01438388 	 0.01477807 	 0.01569384 	 0.01567159 	 0.01322057 	 0.01291000 	 0.01280861 	 0.01304521 	 0.01451753 	 0.01418385 	 0.01262733 	 0.01227464 	 0.01245077 	 0.01305908 	 0.01382870 	 0.01293909 	 0.01232980 	 0.01205963 	 0.01218412 	 0.00000000 	 0.01340707 	 0.01284856 	 0.01261427 	 0.01236344 	
15 	  0.01203251 	 0.01531859 	 0.01559662 	 0.01639402 	 0.01642126 	 0.01282470 	 0.01393352 	 0.01397310 	 0.01416515 	 0.01526581 	 0.01560396 	 0.01352111 	 0.01322068 	 0.01340388 	 0.01376257 	 0.01831605 	 0.01382870 	 0.01280658 	 0.01243796 	 0.01212015 	 0.00000000 	 0.01511091 	 0.01424128 	 0.01392481 	 0.01376966 	
14 	  0.01281542 	 0.01486566 	 0.01527439 	 0.01633799 	 0.01631481 	 0.01360581 	 0.01318681 	 0.01316036 	 0.01351468 	 0.01520368 	 0.01402318 	 0.01281115 	 0.01257436 	 0.01277127 	 0.01354182 	 0.01376257 	 0.01305908 	 0.01258493 	 0.01235832 	 0.01262539 	 0.00000000 	 0.01351525 	 0.01300283 	 0.01277687 	 0.01248418 	
13 	  0.01184772 	 0.01403811 	 0.01441792 	 0.01536428 	 0.01534583 	 0.01280455 	 0.01253446 	 0.01247845 	 0.01276125 	 0.01426577 	 0.01348376 	 0.01220915 	 0.01194171 	 0.01212113 	 0.01277127 	 0.01340388 	 0.01245077 	 0.01194204 	 0.01170769 	 0.01187539 	 0.00000000 	 0.01294304 	 0.01242086 	 0.01219748 	 0.01195218 	
12 	  0.01162994 	 0.01382017 	 0.01419936 	 0.01512667 	 0.01510570 	 0.01263219 	 0.01235109 	 0.01228613 	 0.01255555 	 0.01403296 	 0.01329979 	 0.01204099 	 0.01176757 	 0.01194171 	 0.01257436 	 0.01322068 	 0.01227464 	 0.01177774 	 0.01154677 	 0.01170895 	 0.00000000 	 0.01275331 	 0.01223936 	 0.01202003 	 0.01177982 	
11 	  0.01165656 	 0.01408264 	 0.01448779 	 0.01539890 	 0.01536858 	 0.01300298 	 0.01264472 	 0.01252945 	 0.01275672 	 0.01423112 	 0.01374729 	 0.01238192 	 0.01204099 	 0.01220915 	 0.01281115 	 0.01352111 	 0.01262733 	 0.01211213 	 0.01186618 	 0.01200760 	 0.00000000 	 0.01307187 	 0.01254506 	 0.01232198 	 0.01208835 	
10 	  0.01239061 	 0.01552088 	 0.01591258 	 0.01680254 	 0.01679131 	 0.01411177 	 0.01403289 	 0.01390635 	 0.01409595 	 0.01550471 	 0.01587845 	 0.01374729 	 0.01329979 	 0.01348376 	 0.01402318 	 0.01560396 	 0.01418385 	 0.01330919 	 0.01296178 	 0.01295181 	 0.00000000 	 0.01481033 	 0.01411751 	 0.01384086 	 0.01357921 	
9 	  0.01467523 	 0.01669465 	 0.01713626 	 0.01838366 	 0.01836453 	 0.01515951 	 0.01471211 	 0.01475619 	 0.01522465 	 0.01718074 	 0.01550471 	 0.01423112 	 0.01403296 	 0.01426577 	 0.01520368 	 0.01526581 	 0.01451753 	 0.01400275 	 0.01376086 	 0.01411596 	 0.00000000 	 0.01504002 	 0.01448009 	 0.01422930 	 0.01387373 	
8 	  0.01283653 	 0.01487967 	 0.01524456 	 0.01629147 	 0.01628761 	 0.01333613 	 0.01318393 	 0.01322385 	 0.01360352 	 0.01522465 	 0.01409595 	 0.01275672 	 0.01255555 	 0.01276125 	 0.01351468 	 0.01416515 	 0.01304521 	 0.01247082 	 0.01222535 	 0.01243148 	 0.00000000 	 0.01363199 	 0.01307181 	 0.01283122 	 0.01254292 	
7 	  0.01230352 	 0.01449191 	 0.01485745 	 0.01583907 	 0.01583128 	 0.01305260 	 0.01290583 	 0.01290122 	 0.01322385 	 0.01475619 	 0.01390635 	 0.01252945 	 0.01228613 	 0.01247845 	 0.01316036 	 0.01397310 	 0.01280861 	 0.01223054 	 0.01198081 	 0.01213916 	 0.00000000 	 0.01337988 	 0.01282052 	 0.01258344 	 0.01232107 	
6 	  0.01216351 	 0.01450462 	 0.01489552 	 0.01585694 	 0.01583839 	 0.01323191 	 0.01297157 	 0.01290583 	 0.01318393 	 0.01471211 	 0.01403289 	 0.01264472 	 0.01235109 	 0.01253446 	 0.01318681 	 0.01393352 	 0.01291000 	 0.01235485 	 0.01210401 	 0.01225712 	 0.00000000 	 0.01342561 	 0.01287471 	 0.01264112 	 0.01238922 	
5 	  0.01268642 	 0.01486304 	 0.01538087 	 0.01646812 	 0.01639396 	 0.01434363 	 0.01323191 	 0.01305260 	 0.01333613 	 0.01515951 	 0.01411177 	 0.01300298 	 0.01263219 	 0.01280455 	 0.01360581 	 0.01282470 	 0.01322057 	 0.01292000 	 0.01271753 	 0.01312558 	 0.00000000 	 0.01332126 	 0.01291189 	 0.01271892 	 0.01239272 	
4 	  0.01556927 	 0.01791086 	 0.01840494 	 0.01971703 	 0.01968750 	 0.01639396 	 0.01583839 	 0.01583128 	 0.01628761 	 0.01836453 	 0.01679131 	 0.01536858 	 0.01510570 	 0.01534583 	 0.01631481 	 0.01642126 	 0.01567159 	 0.01511847 	 0.01485327 	 0.01521688 	 0.00000000 	 0.01619742 	 0.01559506 	 0.01532707 	 0.01495145 	
3 	  0.01558184 	 0.01792962 	 0.01843474 	 0.01975274 	 0.01971703 	 0.01646812 	 0.01585694 	 0.01583907 	 0.01629147 	 0.01838366 	 0.01680254 	 0.01539890 	 0.01512667 	 0.01536428 	 0.01633799 	 0.01639402 	 0.01569384 	 0.01516036 	 0.01489849 	 0.01527595 	 0.00000000 	 0.01619476 	 0.01560063 	 0.01533565 	 0.01495573 	
2 	  0.01439901 	 0.01677857 	 0.01724474 	 0.01843474 	 0.01840494 	 0.01538087 	 0.01489552 	 0.01485745 	 0.01524456 	 0.01713626 	 0.01591258 	 0.01448779 	 0.01419936 	 0.01441792 	 0.01527439 	 0.01559662 	 0.01477807 	 0.01422724 	 0.01396544 	 0.01425806 	 0.00000000 	 0.01528541 	 0.01470160 	 0.01444595 	 0.01411189 	
1 	  0.01403753 	 0.01634584 	 0.01677857 	 0.01792962 	 0.01791086 	 0.01486304 	 0.01450462 	 0.01449191 	 0.01487967 	 0.01669465 	 0.01552088 	 0.01408264 	 0.01382017 	 0.01403811 	 0.01486566 	 0.01531859 	 0.01438388 	 0.01380309 	 0.01354018 	 0.01379892 	 0.00000000 	 0.01493264 	 0.01434435 	 0.01408877 	 0.01376757 	
0 	  0.01300066 	 0.01403753 	 0.01439901 	 0.01558184 	 0.01556927 	 0.01268642 	 0.01216351 	 0.01230352 	 0.01283653 	 0.01467523 	 0.01239061 	 0.01165656 	 0.01162994 	 0.01184772 	 0.01281542 	 0.01203251 	 0.01187076 	 0.01156489 	 0.01140970 	 0.01188047 	 0.00000000 	 0.01224156 	 0.01184484 	 0.01165127 	 0.01129391 	
